[[[0.0, 0.0, 1.0], [0.723936062778647, 0.27389199859063373, 0.002171938630719262], [0.9166052120030223, 0.08050135619386026, 0.0028934318031175778], [0.4721714228425009, 0.5194347914529556, 0.00839378570454382], [0.8199766436562284, 0.1773464053723359, 0.0026769509714358636]], [[0.6322893554439843, 0.36673197308443684, 0.00097867147157883], [0.0, 0.0, 1.0], [0.8445607693180722, 0.15251179577265156, 0.0029274349092761024], [0.35710527942494324, 0.6393179058756093, 0.00357681469944748], [0.8626617673851279, 0.13658916364389567, 0.0007490689709763155]], [[0.49615589481298966, 0.5029928110551364, 0.0008512941318740886], [0.7594334537000815, 0.23983605584546355, 0.0007304904544547291], [0.0, 0.0, 1.0], [0.5095491266633743, 0.4878379250871599, 0.002612948249465847], [0.8557978275107065, 0.1434463021655619, 0.0007558703237316853]], [[0.6383686923766104, 0.35489316506544955, 0.006738142557940052], [0.7115502605107175, 0.27863827993319673, 0.00981145955608571], [0.8317164031583458, 0.14730383485086881, 0.020979761990785287], [0.0, 0.0, 1.0], [0.855866393183625, 0.13915620064731613, 0.0049774061690588435]], [[0.6647212685694304, 0.3330308662807804, 0.0022478651497893176], [0.8497277166581113, 0.14799600271781851, 0.0022762806240700754], [0.7522292407034471, 0.2412051119998776, 0.006565647296675361], [0.32579890311939463, 0.6664663752932543, 0.007734721587351277], [0.0, 0.0, 1.0]]]