[[[0.0, 0.0, 1.0], [0.7648057265974321, 0.23365196604648703, 0.0015423073560809461], [0.8878828484016742, 0.10978982716282512, 0.002327324435500816], [0.3924150071664404, 0.6034527593970873, 0.004132233436472469], [0.9263914141773354, 0.07259367659484857, 0.0010149092278161698]], [[0.6327021604802965, 0.36697140271291706, 0.00032643680678632665], [0.0, 0.0, 1.0], [0.8462122568523168, 0.15281002337058647, 0.0009777197770966758], [0.35795884773719905, 0.6408460308778268, 0.001195121384974093], [0.9393590407811484, 0.060369070228806165, 0.0002718889900453486]], [[0.6207573276166375, 0.3789721303748194, 0.00027054200854299186], [0.7879384551831425, 0.21153396823135284, 0.0005275765855047287], [0.0, 0.0, 1.0], [0.3727764766807002, 0.6262050205262354, 0.001018502793064237], [0.9432548056981599, 0.056535799700564396, 0.00020939460127588987]], [[0.6483858045796378, 0.34757199335616107, 0.0040422020642012415], [0.744603271317854, 0.24820494210925137, 0.007191786572894553], [0.8372668907484415, 0.14946289127257809, 0.013270217978980573], [0.0, 0.0, 1.0], [0.9066545981340627, 0.09027570350054413, 0.0030696983653932803]], [[0.6423446434190604, 0.3567077954448998, 0.0009475611360400748], [0.8134401781406465, 0.1848388905365053, 0.0017209313228482906], [0.8398261523069008, 0.15706482310631673, 0.0031090245867825667], [0.34371604902076275, 0.6527232088885426, 0.003560742090694333], [0.0, 0.0, 1.0]]]