[[[0.0, 0.0, 1.0], [0.5350730041317958, 0.45413515752307393, 0.0107918383451304], [0.9368850131170279, 0.05987766474196602, 0.0032373221410062253], [0.43462195671185605, 0.5341356368370734, 0.03124240645107062], [0.5347217079566148, 0.4456758316776228, 0.0196024603657622]], [[0.6612926913511906, 0.33739873732602793, 0.0013085713227816442], [0.0, 0.0, 1.0], [0.866109643123787, 0.12642136718911373, 0.0074689896870993285], [0.30909676063085806, 0.6854298947591257, 0.005473344610016109], [0.8706358860245915, 0.12858546397330092, 0.0007786500021075413]], [[0.01794199180874011, 0.9790686438730496, 0.002989364318210316], [0.7312170684054982, 0.26785820773419794, 0.0009247238603037954], [0.0, 0.0, 1.0], [0.7661800123494512, 0.22830326247789806, 0.005516725172650792], [0.734141873617607, 0.2570790434564497, 0.008779082925943541]], [[0.648080627421321, 0.34010595540930494, 0.011813417169374181], [0.44088116868030897, 0.523988209006932, 0.03513062231275905], [0.7117720963371951, 0.23901938031763723, 0.04920852334516776], [0.0, 0.0, 1.0], [0.8521688334049052, 0.14046422534860972, 0.007366941246485111]], [[0.7725259906250219, 0.22210734334902893, 0.00536666602594924], [0.9047473299108091, 0.09212941123884079, 0.0031232588503501404], [0.3931674963573299, 0.5869969511781178, 0.019835552464552226], [0.23621085104072048, 0.7491364135920251, 0.014652735367254623], [0.0, 0.0, 1.0]]]